0 13 15
3 7 4 9 3 3 7 4 3 6 7 9 6
400 3500 230 40 60 3230 400 4300 1000 3000 40 2310 3400 120 20
1 3 5
10 3 5
230 1200 30 400 530
2 1 1
3
200
3 8 4
5 8 3 7 2 9 5 3
230 1230 460 2300
4 4 5
6 9 4 2
230 2340 3000 120 450
5 10 5
4 7 9 6 3 2 5 7 5 3
230 3540 2340 1200 560
6 8 5
4 7 2 3 6 9 2 9
230 430 1200 560 2100 
7 3 11
4 8 9
670 120 50 1230 670 400 1500 2500 3400
8 17 20
3 6 7 8 1 2 4 6 8 3 7 1 7 9 4 1 3
340 1200 30 560 20 670 120 460 70 120 560 720 120 470 450 1600 20 700 750 190
9 5 8
5 8 9 2 4
60 940 620 3000 50 1230 5710 460
